Pleiades     HCG 71     127 1.37  14.36  2.98 23 29.21 22 -2.80 0.72
Pleiades     HII-34     127 0.88  11.84  6.60 24 28.98 22 -4.04 0.93
Pleiades     HII-133    127 1.31  14.14  1.36 23 29.43 22 -3.01 0.74
Pleiades     HII-191    127 1.31  14.38  3.10 23 29.40 22 -2.98 0.72
Pleiades     HII-263    127 0.84  11.51  4.82 23 29.79 21 -3.43 0.96
Pleiades     HII-293    127 0.66  10.79  4.25 24 29.13 22 -4.29 1.03
Pleiades     HII-314    127 0.60  10.44  1.47 24 30.28 22 -3.22 1.06
Pleiades     HII-320    127 0.88  10.92  4.58 24 30.20 21 -3.26 1.01
Pleiades     HII-324    127 1.01  12.87  0.42 24 29.85 22 -2.83 0.84
Pleiades     HII-335    127 1.26  13.65  0.27 23 29.34 21 -3.24 0.78
Pleiades     HII-345    127 0.84  11.57  0.84 23 30.08 21 -3.15 0.95
Pleiades     HII-357    127 1.21  13.20  3.40 24 29.47 21 -3.17 0.81
Pleiades     HII-625    127 0.78  11.46  0.43 24 30.19 22 -2.92 0.96
Pleiades     HII-686    127 1.35  13.43  0.40 24 29.40 21 -3.24 0.79
Pleiades     HII-708    127 0.58  10.01  1.05 24 29.78 22 -3.89 1.11
Pleiades     HII-727    127 0.51   9.58  1.20 24 29.85 21 -4.06 1.15
Pleiades     HII-738    127 0.75  11.04  0.83 23 30.25 22 -3.04 1.00
Pleiades     HII-739    127 0.58   9.45  2.69 24 30.29 22 -3.61 1.16
Pleiades     HII-879    127 1.03  12.79  7.38 24 28.98 21 -3.85 0.85
Pleiades     HII-882    127 1.02  12.95  0.58 24 29.67 21 -3.11 0.83
Pleiades     HII-883    127 1.08  13.05  7.20 23 28.98 21 -3.75 0.83
Pleiades     HII-930    127 1.22  14.08  1.39 23 29.15 22 -3.20 0.74
Pleiades     HII-1032   127 0.71  10.98  1.31 23 30.15 21 -3.27 1.01
Pleiades     HII-1124   127 0.94  12.20  6.20 22 29.47 22 -3.43 0.90
Pleiades     HII-1136   127 0.72  11.34  0.53 24 30.16 21 -3.05 0.97
Pleiades     HII-1280   127 1.40  14.45  0.30 22 29.44 22 -2.65 0.71
Pleiades     HII-1305   127 1.15  13.52  0.39 23 29.37 21 -3.25 0.79
Pleiades     HII-1332   127 0.98  12.41  8.29 24 29.27 21 -3.57 0.88
Pleiades     HII-1512   127 1.26  13.51  8.20 23 28.94 21 -3.68 0.79
Pleiades     HII-1531   127 1.23  13.46  0.48 24 29.25 21 -3.23 0.79
Pleiades     HII-1532   127 1.23  13.87  0.78 23 29.58 21 -3.01 0.76
Pleiades     HII-1653   127 1.17  13.38  0.74 23 29.59 22 -2.99 0.80
Pleiades     HII-2034   127 0.92  12.53  0.55 24 29.97 21 -2.75 0.87
Pleiades     HII-2244   127 0.95  12.46  0.58 24 29.99 22 -2.82 0.87
Pleiades     HII-2284   127 0.74  11.23 10.08 24 29.16 21 -4.20 0.98
Pleiades     HII-2341   127 0.68  10.81  8.21 24 29.09 21 -4.35 1.02
Pleiades     HII-2548   127 1.29  13.90  7.40 24 28.98 22 -3.52 0.76
Pleiades     HII-2741   127 0.97  12.53  5.01 24 29.38 22 -3.41 0.87
Pleiades     HII-2786   127 0.56  10.19  2.21 23 29.37 21 -4.30 1.09
Pleiades     HII-2881   127 0.93  11.45  4.17 24 29.90 22 -3.30 0.96
Pleiades     HII-2927   127 1.22  13.85  0.26 24 29.34 22 -3.10 0.76
Pleiades     HII-2966   127 1.46  14.74  4.60 23 28.97 22 -3.36 0.69
Pleiades     HII-3063   127 1.13  13.42  0.89 24 29.61 22 -2.93 0.79
Pleiades     HII-3163   127 0.97  12.65  0.42 24 29.78 22 -2.96 0.86
Pleiades     HII-3197   127 1.03  11.98  0.44 23 30.14 22 -2.91 0.92
IC 2602      B134       161 0.91  10.66  6.80 25 30.02 26 -3.69 1.07
IC 2602      R15        161 0.89  11.75  3.60 25 30.34 26 -2.96 0.97
IC 2602      R24        161 1.39  14.61  1.25 25 29.46 26 -3.07 0.73
IC 2602      R26        161 1.50  15.14  5.70 25 28.84 26 -3.57 0.66
IC 2602      R27        161 1.46  14.35  4.50 25 29.11 26 -3.57 0.76
IC 2602      R29        161 1.07  12.73  2.21 25 29.65 26 -3.21 0.90
IC 2602      R31        161 1.55  15.08  0.49 25 29.56 26 -2.94 0.67
IC 2602      R32        161 1.59  15.06  4.00 25 29.30 26 -3.16 0.67
IC 2602      R43        161 0.91  12.14  0.78 25 30.06 26 -3.01 0.94
IC 2602      R44        161 1.51  14.88  5.50 25 28.90 26 -3.60 0.70
IC 2602      R50        161 1.52  14.75  6.40 25 29.41 26 -3.19 0.71
IC 2602      R52        161 1.03  12.19  0.39 25 29.74 26 -3.33 0.94
IC 2602      R53        161 1.57  15.39  0.41 25 29.41 26 -3.12 0.63
IC 2602      R56        161 1.39  13.64  4.10 25 29.66 26 -2.99 0.83
IC 2602      R57        161 1.56  15.59  8.70 25 29.11 26 -3.30 0.60
IC 2602      R58        161 0.61  10.57  0.57 25 30.41 26 -3.22 1.08
IC 2602      R66        161 0.64  11.07  3.30 25 29.72 26 -3.76 1.02
IC 2602      R70        161 0.65  10.92  4.30 25 29.08 26 -4.44 1.04
IC 2602      R72        161 0.60  10.89  1.05 25 30.51 26 -3.01 1.04
IC 2602      R77        161 1.43  14.12 10.10 25 29.00 26 -3.66 0.79
IC 2602      R83        161 0.58  10.70  1.67 25 30.04 26 -3.55 1.06
IC 2602      R88        161 1.16  12.71  0.20 25 29.46 26 -3.54 0.91
IC 2602      R89        161 1.20  12.97  4.80 25 29.41 26 -3.49 0.89
IC 2602      R92        161 0.63  10.26  2.00 25 30.03 26 -3.72 1.13
IC 2602      R93        161 1.33  13.79  6.70 25 29.11 26 -3.60 0.82
IC 2602      R94        161 1.35  13.33  2.60 25 29.46 26 -3.56 0.86
IC 2602      R95        161 0.83  11.73  1.20 25 30.28 26 -2.90 0.97
IC 2602      R96        161 1.21  12.94  1.82 25 29.74 26 -3.18 0.89
IC 2391      VXR 12     146 0.84  11.86  3.86 35 29.63 35 -3.63 0.95
IC 2391      VXR 14     146 0.57  10.45  1.32 35 30.17 35 -3.59 1.08
IC 2391      VXR 35a    146 0.99  12.56  0.53 35 30.11 35 -3.00 0.91
IC 2391      VXR 38a    146 1.23  13.36  2.78 35 29.64 35 -3.32 0.85
IC 2391      VXR 41     146 1.25  13.57  5.80 35 29.66 35 -3.21 0.83
IC 2391      VXR 42a    146 1.54  15.88  1.81 35 29.35 35 -3.04 0.55
IC 2391      VXR 45a    146 0.80  10.70  0.22 35 30.10 35 -3.62 1.05
IC 2391      VXR 47     146 1.43  13.96  0.26 35 29.57 35 -3.41 0.80
IC 2391      VXR 62a    146 0.85  11.73  0.50 35 30.04 35 -3.30 0.96
IC 2391      VXR 70     146 0.63  10.85  2.67 35 29.84 35 -3.77 1.04
IC 2391      VXR 72     146 0.72  11.46  3.23 35 30.18 35 -3.21 0.98
IC 2391      VXR 76a    146 1.04  12.76  4.86 35 29.93 35 -3.11 0.90
IC 2391      VXR 77a    146 0.50   9.91  0.65 35 30.18 35 -3.77 1.17
alpha Persei HE 520     185 0.69  11.69  0.60 27 30.29 27 -3.10 1.05
alpha Persei HE 601     185 0.63  11.43  3.63 28 29.77 27 -3.71 1.08
alpha Persei HE 622     185 0.69  11.63  0.81 27 30.44 27 -2.98 1.05
alpha Persei HE 699     185 0.61  11.27  0.33 27 30.36 27 -3.19 1.09
alpha Persei AP 15      185 1.19  14.12  0.65 27 29.58 27 -3.08 0.79
alpha Persei AP 25      185 0.78  12.25  3.71 28 30.12 27 -3.07 0.99
alpha Persei AP 28      185 0.95  13.09  3.47 28 29.80 27 -3.09 0.90
alpha Persei AP 37      185 0.86  12.61  2.40 28 29.96 27 -3.11 0.95
alpha Persei AP 41      185 0.71  12.03  5.50 29 29.45 27 -3.82 1.01
alpha Persei AP 43      185 0.87  12.84  0.56 27 29.99 27 -3.00 0.92
alpha Persei AP 56      185 0.90  13.00  0.36 27 29.72 27 -3.21 0.91
alpha Persei AP 60      185 1.60  15.74  0.32 27 29.40 27 -3.16 0.67
alpha Persei AP 63      185 0.82  12.29  0.22 27 29.81 27 -3.37 0.98
alpha Persei AP 70      185 0.88  12.83  6.40 29 29.68 27 -3.33 0.93
alpha Persei AP 72      185 0.87  12.78  6.30 29 28.70 27 -4.30 0.93
alpha Persei AP 75      185 1.17  13.82  2.82 28 29.43 27 -3.32 0.82
alpha Persei AP 86      185 1.22  14.31  0.21 27 29.30 27 -3.29 0.78
alpha Persei AP 93      185 0.83  11.99  0.62 27 30.18 27 -3.13 1.01
alpha Persei AP 96      185 1.42  14.55  0.35 28 29.64 30 -3.11 0.76
alpha Persei AP 97      185 0.77  12.08  4.78 28 29.52 27 -3.74 1.00
alpha Persei AP 98      185 0.86  12.80  6.20 29 29.11 27 -3.90 0.93
alpha Persei AP 100     185 1.03  12.80  0.21 27 29.72 27 -3.37 0.93
alpha Persei AP 101     185 1.24  13.89  3.20 29 29.37 30 -3.42 0.81
alpha Persei AP 102     185 0.70  11.96  4.26 28 29.68 30 -3.65 1.02
alpha Persei AP 108     185 0.93  12.92  3.89 28 29.80 30 -3.21 0.92
alpha Persei AP 109     185 1.43  15.84  0.25 28 29.49 30 -2.82 0.66
alpha Persei AP 110     185 0.82  12.27  5.13 28 29.48 30 -3.76 0.98
alpha Persei AP 112     185 1.05  13.68  2.69 28 29.57 30 -3.19 0.83
alpha Persei AP 114     185 1.06  13.40  1.30 29 29.26 27 -3.55 0.86
alpha Persei AP 117     185 0.85  13.05  0.47 27 29.89 27 -3.00 0.90
alpha Persei AP 118     185 0.71  12.06  0.32 28 30.14 27 -3.11 1.01
alpha Persei AP 149     185 0.72  11.71  0.32 27 30.23 27 -3.14 1.04
alpha Persei AP 158     185 0.75  11.93  3.23 28 29.40 30 -3.96 1.02
alpha Persei AP 189     185 0.84  13.05  0.63 28 30.02 30 -2.92 0.90
alpha Persei AP 193     185 0.79  12.28  0.74 28 30.30 27 -2.84 0.98
alpha Persei AP 197     185 0.90  12.31  5.62 28 29.52 27 -3.70 0.98
alpha Persei AP 199     185 0.88  12.10  1.82 28 29.99 27 -3.30 1.00
alpha Persei AP 201     185 1.04  13.08  3.75 29 29.85 30 -3.14 0.90
alpha Persei AP 211     185 1.39  15.07  0.29 28 29.42 30 -3.05 0.73
alpha Persei AP 212     185 0.87  13.24  7.10 29 29.45 30 -3.47 0.88
Hyades       VB 21       45 0.81   9.14  8.98 31 28.78 33 -4.43 0.98
Hyades       VB 25       45 0.99   9.61 12.64 31 28.58 34 -4.50 0.94
Hyades       VB 26       45 0.74   8.62  9.39 31 28.56 33 -4.83 1.03
Hyades       VB 31       45 0.57   7.47  5.44 31 29.09 33 -4.72 1.14
Hyades       VB 43       45 0.91   9.40 10.26 31 28.36 33 -4.78 0.95
Hyades       VB 50       45 0.60   7.62  7.10 31 29.74 33 -4.02 1.13
Hyades       VB 52       45 0.60   7.80  7.96 31 29.01 33 -4.67 1.11
Hyades       VB 59       45 0.54   7.49  4.98 31 29.34 33 -4.46 1.14
Hyades       VB 63       45 0.65   8.08  7.73 31 29.09 33 -4.49 1.08
Hyades       VB 64       45 0.66   8.14  8.67 31 28.90 33 -4.66 1.07
Hyades       VB 65       45 0.54   7.42  5.87 31 29.06 33 -4.76 1.15
Hyades       VB 69       45 0.75   8.64 11.52 31 28.76 33 -4.63 1.02
Hyades       VB 73       45 0.61   7.82  7.41 31 29.05 33 -4.63 1.11
Hyades       VB 79       45 0.83   8.94 11.38 31 28.59 33 -4.70 1.00
Hyades       VB 91       45 0.88   8.92  9.36 31 28.54 33 -4.78 1.00
Hyades       VB 92       45 0.74   8.66  9.04 31 28.67 33 -4.71 1.02
Hyades       VB 97       45 0.63   7.92  8.55 31 28.89 33 -4.75 1.10
Hyades       VB 102      45 0.60   7.54  6.46 31 29.19 33 -4.60 1.13
Hyades       VB 174      45 1.04   9.98 11.88 31 28.51 34 -4.45 0.90
Hyades       VB 175      45 1.03  10.28 10.82 31 28.19 34 -4.64 0.88
Hyades       VA 190      45 1.32  10.71  3.66 31 29.48 34 -3.33 0.84
Hyades       VA 486      45 1.49  12.10  2.42 32 29.44 34 -3.17 0.74
Hyades       VA 512      45 1.53  14.26  8.80 32 28.82 33 -3.29 0.55
